5
137 71
00000000000000000000000000000000000000000000000000000000000000000000001
00000000000000000000000000000000000000000000000000000000000000000000000
00000000000000000000000000000000000000000000000000000000000000000000000
00000000000000001000000000000000000000000000000000000000000000000000000
00000000000000000000000000000000000100000000000000000000000000000000000
00000000000000000000000000000000000000000000000000000000000000000000000
00000000000000000000000000000000000000000000000000000000000000000000000
00000000000000000000000000000000000000000000000000000000000000000000000
00000000000000000000000000000000000000000000000000000000000000000000000
00000000000000000000000000000000000000000000000000000000000100000000000
00000000000000000000000000000000010000000000000000000000000000000000000
00000000000000000000000000000000000000000000000000000000000000000000000
00000000000000000000000000000000000000000000000000000000000000000000000
00000000000000000000000000000000000010000000000000000000000000000000010
00000000000000000000000000000000000000001000000000100000000000000000000
00000000000000000000000000000000000000000000000000000000000000000000000
00000000000000000000000000000000000000000000000000000000000000000000000
00000000000000000100000100000000000000000000000000001000000000000000000
00000000000000000000000100000000000000000000000000000000000000000000000
00000000000000000000000000000000000000000000000000000000000000000000000
00000000000000000000000000000000000000000000000000000000000000000000000
00000000000000000000000000000000000000000010000000000000000000000000000
00001000000000000000000000000000000000000000000000000000000000000000000
00000000000000000000000000000000000000000000000000000000000000000000000
00000000000000000000000000000000000000000000000000000000000000000000000
00000000000000000000000000000000000000000000000000000000000000000000000
00000000000000000000000000000000000000000000000000000000000000000000000
00000000000000000000000000000000000000000000000000000000000000000000000
00000000000000000000000000000000000000000000000000000000000000000000000
00000000000000000000000000000000000000000000000000000000000000000000000
00001000000000000000000000000000000000000000000000000000000000000000000
00000000000000000000000000000000000000000000000000000000000000000000001
00000000000000000000000000000000000000000000000000000000000000000000000
00001000000000000001000000001000000000000000000000000000000000010010000
00000000000000000000000000000000000000000000000000000000000000000000000
00000000000000000000000000000000000000000000000000000000000000000000000
00000000000000000000000000000000000000000000000000000000000000000000000
00000000000000000000000000000000000000000000000000010000000000000000000
00000000000000000000000000000000000000000000000000000000000000000000000
10000000000000000010000000000000000000000000000000000000000000000000000
00000000000010000000000000000000000000000000000000000000000000000000000
00000000000000000000000000000000000000000000000000000000000000000000000
00000000000000000000000000000000000000000000000000000000000000000000000
00000000000000000000000000000000000000000000000000000000000000000000000
00000000000000000000000000000000000000000000000000000000000000000000000
00000000000000000000000000000000000000000000100000000000000010001000000
00000000000000000000000000000000000000000000000000000000000010000000000
00000000000000000000000000000000000000000000000000000000000000000000000
00000000000000000000000000000000000000000000000000000000000000000000000
00000000000000000000000000000000000000000000000000000000000000000000000
00000000000000000010000001000000000000000000101000000000000000000000000
00000000000000000000000000000000000000000000000000000000000000000000000
00000000000000000000000000000000000000000000000000000000000000000000000
00000000000000000000000000000000000000000000000000000000000000000000000
00000000000000000000000000000000000000000000000000000000000000000000000
00000000000000000000000000000000000000000000000000000000000000000000000
00000000000000000000000000000000000000000000000000000000000000000000000
00000000000000000000000000000000000000000000000000000000000000000000000
00000000000000000000000000000000000000000000000000000000000000000000000
00000000000000000000000000000000000000000000000000000000000000000000000
00000000000000000000000000000010000000000000000000000000000000000000000
00000000000000000000000000000000000000000000000000000000000000000000000
00000000000000000000000000000000000000000000000000000000000100000000000
00000000000000000000000000000000000000000000000000000000000000000000000
00000000000000000000000000000000000000000000010000000000000000000000000
00000000000000000000000000000000000000000000000000000000000000000000100
00000000000000000000000000000000000000000000000000010000000000000000000
10001000000000000000000000000001000000000000000000000000000000000000000
00000000000000000000000000000100000000000000000000000000000000000000000
00000000000000000000000000000000000000000000000000000000000000000000000
00000000000000000000000000000000000000000000000000000000000000000000000
00000000000000000000000000000000000000000000000000000000000000000000000
00000000000000000000000010000000000000000000000000000000000000000000000
00000000000000000000000000000000000000000000000000000000000000000000000
00000100000000000000000000000000000000000000000000000000000000000000000
00000000000000000000000000000000000000000000000000000000000000000000000
00000000000000000000000000000000000000000000000000000000000000000000000
00000000000000000000001000000000000000000000000000000000000000000000000
00000000000000000000000000000000000010000000000000010000000000000000000
00000000000000000000000000000000000000000000000000000000010000000000000
00000000000000100000000000000000000000000000000000000000000000000000100
00000000000000000000000000000000000000000000000000000000000100000000000
00000000000000000000000000000000000000000000000000000001000000000000000
00000000000000000000000000000000000000000000000000000000000000000000000
00010000000000000000000000000000000000000000000000010000001000000000000
00000000000000000000000000000000000000000000000000000000000000000000000
00000000000000000000000000000000000000000000000000000000000000000000000
00000100000000000000000000000000000000000000000000000000000000000000000
00000000000000000000000000000000000000000000000000000000000000000000000
00000000000000000000000000000000000000000000000000000000000000000000000
00000000000010000000000000000000000000000000000000000000000000000000000
00000000000000000000000000000000000000000000000000010000000000000000000
00000000000001000000000000000000000000000000000000000000000000000000000
00000000000000000000000000000000000010000000000000000000000000000000000
00000000000000000000000000000000000000000000000000000000000000000000000
00000010000001000000000000000000000000000000000000000000000000000000000
00000000000000000000000000000000000000000000000000000000000000000000000
00000000000000000000000000000000000000000000000000000000000000000000000
00000000000000000000000000000000000000000000000000000000000000000000000
00000000000000000000000000000000000000000000000100000000000000000000000
00000000000000000000000000000000000100000000000000000000000000000000000
00000000000000000000000000000000000000000000000000000000000000000000000
00100000000000000000000000000000000000000000000000000000000000000000000
00000000000000000000000000000010000000000000000000000000000000000000000
00000000000000000000000000000000000000000000000000000000000000000000000
00000000000000000000000000000000000000000001000000000000000000000000000
00000000000000000000000000000000000000000000000000000000000000000000000
00000000000000000000000000000000000000010000000000000000000000000000000
00000000000000000000000000000000000000000000000000001000000000000000000
00000000000000000000000000000000000000000000000000000000000000000000000
00000000000000000000000000000000000000000100000000001000000000000000000
00000000000000000000000000000000000000000000000000000000000000000000000
00000000000000000000000000000000000000000000000000000000000000000000000
00000000000000001000000000000000000000000000000000000000000000000000100
00000000000000000000000000000000000000000000000000000000000000000000000
00000000000000000000000000000000000000000000000000000000000000000000000
00000000000000000000000000000000000000000000001000000000000000000000000
00000000000000000000000000000000000000000000000000000000000000000000000
00000000000000000000000000000000000000000000000000010000000000000000000
00000000000000000000000000000000000000000000000000000000000000000000000
00000000000000000000000000000000000000000000000000000000000000000000000
00000000000000000000000000000000000000000000000000000000000000000000000
00000000000000000000000000000000000000000000000000000000000010000000000
00000000000000000000000000000000000000000000000000000000000000000000000
00000000000000000000000000000000000000000000000000000000000000000000000
00000000000000000000000000000000000000000000000000000000000000000000000
00000000000000000000000000001000000000000000000000000000000000000000000
00000000000000000000000000000000000000000000000000000000000000000000000
00000000000000001000000000000000000000000000000000000000000000000000000
00000000000000000000000000000000000000000000000000000000000000000000000
00000000000010000000000000000000000001000000000000000000000000000000000
00000000000000000000000000000000000000000000000000000000000000000000000
00000000000000100000000000000000000000000000000000000000000000000000000
00000000000000000000000000000000000000000001000000000000000000000000000
00000000000000000000000000010000000000000000000000000000000001000000000
00000000000000000000000000000000000000000000000000000000000000000000000
00000000000000000000000000000000000000000000000000000000000000000000000
166 18
000000000000000000
000000000000000000
000000000000000000
000000000000000000
000010101000000000
000000000000000000
000000000000000000
000000000000000000
000000000000000000
000000000100000000
000000000000000000
000000000000000000
000000000000000000
000000000000000000
000000010000000000
000000000000000000
000000000000000000
000000000000000000
000000000000000000
000000000000000000
000000000000000000
000000000010000000
000000000000000000
000000000000000000
000000000000000000
000000000000000000
000000000000000000
000000000000000010
000000000000000000
000000000000000000
000000000000000000
000000000000000000
000000000000000000
000000000000000000
000000000000000000
000000001000000000
000000000000000000
000000000000000000
000000000000000000
000000000000000000
000000000000000000
000000000000000000
000000000000000000
000000000000000000
000000000000000000
000000000000000000
000000000000000000
000000000000000000
100000000000000000
000000000000000000
000000000000000000
000000000000000000
000000000000000000
000000000000001000
000000000001000000
000000000000000000
000000000000000000
000000000000000000
000001000010000000
000000000000000000
000000000000000000
000000000000000000
000000000000000000
000000000100000000
000010000000000000
000000000000000000
000000000000000000
000000000000000000
000000000000100000
000000000000000000
000001000000000000
000000000000000000
000000000000000000
000000000000000000
000001000000000000
000000000000000000
000000000000000000
000000000000000000
000000000000001000
000000000000000000
000000000001010000
000000000000000000
000000000000000000
000000000000000000
000000000000000000
000000000000000000
000000000000000000
000000000000000000
000000000000000001
000000000010001000
000000000000000000
000000000000000000
000000000000000000
000000000000000000
000000000100000000
110000000000001000
000000000000000000
000000000000000000
000000000000000000
000000000000000000
000000000000000000
000000000000000000
000000000000000000
000100000000000000
000000000000000000
000000000000100000
000000000000000000
000000000000000000
000000000000000000
000000000000000000
000000000000000000
000000000000000000
000000000000000000
000000000000000000
000000000000000000
000000000000000000
000000000000000000
000000000000100000
000000000000000000
001000000000000000
010000000000000000
000000000000100000
000000000000000000
000000000000000000
000000000000000000
000000000000100000
000000000000000000
000000000000000000
000000000000000100
000000000000000000
000000000000000000
000000000000000000
000000000000000000
000000000000000000
000000000000000000
000000000001000000
000000000000000000
000000000000000000
000000000000000000
000000000000000000
000000000000100000
000000000000000000
000000000000000000
000000000000000000
000000000000000000
000000000000000000
000000000000000000
010000000100100000
000000000000000000
000000000000000000
000000000010000000
000000001000000000
000000000000000000
000000000000000000
000000000000000000
000000000000000000
000000000000000000
000000000000000000
000000000000000000
000000000000000000
000000000000000000
000000000000000000
000000000000000000
000000000000000000
000000000000000000
000000000000000000
82 89
00000000000000000000000000000000000000000000000000000000000000000000000000000000000000000
00000000000000000001000000000000000000000000000000000000000000000000000000000000000000000
00000000000000000000000000000000000000000000000000000000000000000000000000000000000000000
00000000000000000000000000000000000000000000000000000000000000000000000000000010000000000
00000000000000000000000000000000000000000000000000000000000000010000000000000000000000000
00000000000000010000000000000000000001000000000000000000000000000000000000000000000100000
00000000000000000000000000000000000000000000000000000000000000000000001000000000000000000
00000000000000000000000000000000000000000000000000000000000000000000000000000100000000000
00000000000000000000000000000000000000000000000000000000000000000000000000000010000000000
00000000000000000000000000000000000000000000000000000000000000000000000000000000000000000
00000000000000000000000000000000000000000000000000000000000000000000000000000000000000000
00000000000000000000000000000000000000000000000000000000000000001000000000000000000000000
00000000000000000000000000000000000000000000000000000000000000000000000000000000000000000
00000000000000000000000000000000000000000000000000000000000000000010000000000000000000000
00000010000000000000000000000000000000001000000000000000000000000000000000000000000000000
00000000000000000001000000000000000000000000000000000000000000000000000000000000000000000
00000000000000000000000000000000000000000000000000010000000000000000000000000000000000000
00000000000000001000000000000000000000000000000000000000000000001000000000000000000000000
00000000000000000000000000000000000000000000000000000000000000000000000000000000000000000
00000000000000000000000000000000000000000000000000000000000000000000000000000010000000000
00000000000000000000000000000000000000000000000000000000000000000010000000000000000000000
00000000000000000000000000000000000000000000000000000000000000000000000000000000000000000
00000000000000000000001000000000000000000000100000000000000000000000000000000000000000000
00000000000000000000000000000000000010000000000000100000000000000000000000000000000000000
00000000000000000000000000000000000000000000000000000000000000000000000000000000000000000
00000000000000000000000000000000000000000000000000000000000000000000000000000000000000000
00000000000000000000000000000000000000000000000000000000000000000000000000000000000000000
00000000000000000000000000000000000000000000000000000000000000000000000000000000000000000
00000000000000000000000000000000000000000000000000000000000000000000000000000000000000000
00000000000000000000000000000000000000000000000000000000000000000000000000000000000000000
00000000000000000010000000000000000000000000000000000000000000000000000000000000000000000
00000000000000000000000000000000000000000000000000000000000000000000000000000000000000000
00000000000000000000000000000000000000000000000000000000000000000000000000000000010000000
01000000000000000000000000000000000000000010000000000000000000000000000000000000000000000
00000000000000000000000000000000000000000000000000000000000000000000000000000000000000000
00000000000000000000000000000000000000000000000000000000000000000000000000000000000000000
00000000000000000000000000000000000000000000000000000000000000000000000000000000000000000
00000000000000000000000000000000000000000000000000000000000010000000000000000010000000000
00000000000000000000000000000000000000000000000000000000000000000000000000000000000000000
00000000000000000000000000000000010000000000000000000000000000000000000000000000000000000
10100000000000000000000000000000000000000000000000000000000000000000000000000000000000000
00000000000000000000000000000000000000000000000000000000000000000000000000000000000000000
00000000000000000000000000000000000000000000000000000000000000000000000000000000000000000
00000000000000000000000000000000000000000000000000000000000000000000000000000000000000000
00000000000000000000000000000000000000000000000000000000000000000000000000000000000000100
00000000000000000000000000000000000000000000000000000001000000000000000000000000000001000
00000000000000000000000000000000000000000000000000000000000000000000000000000000000000000
00000000000000000000000000000000000000000100000000000000000000000000000000000000000000000
00000000000000000000000000000000000000000010000000000000000000010000000000000000000000000
00000000000000000000000000000000000000000000000000000000000000000100000000000000000000000
00000000000000000000000000000000000000000000000000000000000000000000000000000000000000000
00000000000000000000000000000000000000000000000000000000000000000000000000000000000000000
00000000000000000000000000000000000000000000000000000000000000000000000010010000000000000
00000000000000000000000000000000000000000000000000000000000000100000000000000000000000000
00000000000000000000010000000000000000000000000010000000000000000000000000000000000000000
00000000000000000000000000000000100000000000001000000000000000000000000000000010000000000
00000000000000000000000000000000000010000000000000000000000000000000000000000000000000000
00000000000000000000000000000000000000000000000000000000000000000000000000000000000000000
00000000000000000000000000000000000000000000000000000000000000000000000000000000000000000
00000000000000000000001000000000000000000000000000000000000000000000000000000000000000000
00000000000000000000010000000001000000000000000000000000000000000000000000000000000001000
00000000000000000000000100000000000000000000000000000000000000000000000000000000000000000
00000000000000001000000000000000000000000000000000000010000000000000001000000000010000000
00000000000000000000000000001000000000100000000000000000000000000000000000000000000000000
00000000000000000000000000000000000000000000000000000000000000010000000000000000000000000
00000000000000000000000000000000000000000000000000000000000000000001000000000000000000000
00000000000000000000000000000000000000000000000000000000000000000000000000000000000000000
00000000000000000000000000100000000000000000000000000000000000000000000000000000000000000
00000000001000000000000000000000000000100000000000000000000000000000000000000000000000000
00000000000000000000000000000000000000000000000001000001000000000001000000010000000000000
00000000000000000000000000000000000000000000000000000000000000000000000000000000000000000
00000000000000000000000000000100000000000000000000000000000000000000000000000000000000000
00000000000000000000000000000000000000000000000000000000000000000000000000000000000000000
00000000000000000000000000000000000000000000000000000000000000000000000000000000000000000
00000000000000000000000000000000000000000000000000000000000000000000000010000000000000000
00000000000000000000000000000000000000000000000000000000000000000000000000000000000000000
00000000000000000000000000000000000000000000000000000000000000000000000000000000000000000
00000000000000000000000000001000000000000000000001000000000000000000000000000000000000000
00000000000000000000000000000000000000000000000000000000000000000000000000000000000000000
00000000000000000000000000000001000000000000000000000000000000000000000000000000000100000
00000000000000000000000000000000000000000000000000000000000000000000000000000000000000000
00000000000000000000000000000000000000000000000000000000000000000000000000000000000000000
144 99
000000000000000000000000000010000000000000000000000000000000000000000000000000000000000000000000000
000000000000000000000000000000000000000000000000000000000000000000000000000000000000000000000000000
000000000000000000000000000000000000000000000010000000000000000000000000000000000000000000000000000
000000000000010000000000000000000000000000000000000000100000000100000000000000000000000000000000000
000000000000000000000000000000000000000000000000000000000000000000000001000000000000000000000000000
000000000000000000000000000000000000000000000000000000000010000000000000000000000000000000000000000
000100000000100000000000000000000000000000000000000000010000000000000000000000000000000000000000000
000000000000000000000000000000000000000000000000001000000000000000000000000000000000000000000000000
000000000000000000000000000000000000000000000000000000000000000000000000000000000000000000000000000
000000000000000000000000000000000000000000000000000000000000000000000000000000000000000000000000000
000000000000000000000000000000000000000000000000000000000010000000000000000000000000000000000000000
000000000000000000000000000000000000000000000000000000000000000000000000000000000000000000010000000
000000000000000001000000000000000000100000000000000000000000000000000000000001000000000000000000000
000000000000000000000000000000000000000000000000000000000000000000000000000000000000000000000000000
000000000000000000000000000000010000000000000000000000000000000000000000000000000000000000000000000
000000000000000000000000000000000000000000000000000000000000000000000100000000000000000000000000000
000000000000000000000000000000000000000000000000000000000000000000000000000000000000100000000000000
000000000000000000000000000000000000000000000000000000000000000000000000000000000000000000000000000
000000000000000000000000000000000000000000000000000000000000000000000000000000000000000000000000000
000000000000000000000000000000000000000000000000000000000000000000000000000000000000000000000000000
000000000000000000000000000000000000000000000000000000000000000000000000000000000000000000000000000
000000000000000000000000000000000000000000000000000000000000000000000000000000000000000000000000000
000000000000000000000000000000000000000000000000000000000000010000000000000000000010000000000000000
000000000000000100000000000000000000000000000000000000000000000000001000000100000000000000000000000
000000000000000000000000000000000000000000000000000000000000000000000000000000000000000000000000000
000000000000000001000000000000000000000000000000000000000000000000000000000000000000000000000000000
000000000000000000000000000000000000000000000000000000000000000000000000000000000000000000000000000
000000000000000000000000000000000000000000000000000000000000000000000000010000000000000000000000000
000000000000000000000000000000000001000000000000000000000000000010000000000000000000000000000000000
000000000000010000000000000000000000000000000000000000000000000000000000000000000000000000000000000
000000000000000000000000000000000000000000000000000000000000000000000000000100000000000000000000000
000000000000000000000000000000000000000000000000000000000000000000000000000000000000010001000000000
000000000000000000000000000000000000000000000000000000000000010000000000000000000000000000000000000
000000000000000000000000000000000000000000000000000000000000000000000000000000000000000000000000000
000000000000000000000000000000100000000000000000000000000000000000000000100000000000000000000000000
000000000000000000000000000000000000000000000000000000000001000000000000000000000000000000000000000
000001000000000000000000000000000000000000000000000000000000000000000000000000000000000001000000000
000000000000000000000000000000000000000000000000000000000000000000000000000000000000000000000000000
000000000000000000000000000000000000000000000000000000100010000000000000000000000000000000000000000
010000000000000000000000000000000000000000000000000000000000000000000000000000000000000000000000000
000000000000000000000000000000000000000000000000000000000000000000000000000000000000000000000000000
000000001000000000000000000000000000000000000000000000000000000000000000000000000000000000000000000
000000000000000000000000000000000000000000000000000000000000000000000000000000000000000000000000000
000000000000000000000000000000000000000000000000000000000000000000000000000000000000000000000000000
000000000000000000000000000000000000000000000000000000000000000000000000000000000000000000001000000
000000000000000000000000000000000000000000000000000000000000100000000000000000000000000000000000000
000000000000001000000000000000000000000001000000000000000000000000000000000000000000000000000000000
000000000000010000000000000000000000000000000000000000000000000000000000000000000000000000000000000
000000000000000000000000000000000000001000000000000000000000000000000000000000000000000000000000000
000000000000000000000000000000000000000000000000000000000000000000000000000000000000000000000000000
000000000000000000000000000000000000000000000000000000000001000000000000010000000000000000000000000
000000000000000000000000000000000000000000000000000000000000000000000000000000000000000000000000000
000000000000000000000000000000000000000000000000000000000000000000000000000000000000000000000000000
000000000000000000000000000000000000000000000000000000000000000000000000000000000000000000010000000
000000000000000000000000000000000000000000000000000000000000000000000000000000000000000000000000000
000000000000000000000000000000000000000000000000000000000000000000000000000000000000000000000000000
000000000000000000000000000000000000000000000000000000000000000000001000000000000000000000000000000
000000000000000000000000000000000000000000000000000000000000000000000000000000000000000000000000000
000000000000000000000000000000000000000000000000000000000000000000000010000000000000000000000000000
000000000000000000000100000000000010000000000000000000000000000000000000000000000000000000000000000
000000000000000000000000000000000000000000000000000000100000000000000000000000000000000000000000000
000000000000000000000000001000000000000000000000000000000000000000000010000000000000000000000000000
000000000000000000000000001000000000000000000000000000000000000000000000000000000000000000000000000
000000000000000000000000000000000000000000100000000000000000000000000000000000000000000000000001000
000000000000000000000000000000000000000000000000000000000000000000000000000000000000000000000000000
000000000000000000000000000000000000000000000000000000000000000000000000000000000000000000000000000
000000000000000000000000000000000000000000000000000000000000000000000000000000000000001000000000000
000000000000000000000000000000000000000000000000000000000000000000000000000000000000000010000000000
000000000000000000000000000000000000000000000000000000000000000000000000000000000000000000000000000
000010000000000000000000000000000000000000000000000000000000000000000000000000000000000000000000000
000000000000000000000000000000000000000000000000000000000000000000000000000000000000000000000000000
000000000000000000000000000000000000000000000000000000000000000000000000000000000000000000000000000
000000000000000000000000000000000000000000000000000000000000000000000000000000100000000000000000000
000000000000000000000000000000000000000000000000000000000000000000000000000000000000000000000000000
000000000000000000000000000000000010000000000001000000000001000000000000000000000000000000000000000
000000000000000000000000000000000000000000000000000000000000000000000000000000000000000000000000000
000000000000000000000000000000000000000000000000000000000000000000000000000000000000000000000000000
010000000000000000000000000000000000000000000000010000000000000000000000000000000000000000000000000
000000000000000000000000000000000000000000000000000000000000000000000000000000000000000000000000000
000000000000000000000000000000000000000000000000000000000000000000000000000000000000000000000000000
000000000000000000000000000000000100000000000000000000000000000000000000000000000000000000000000000
000000000000000000000000010000000000000000000000000000000000000000000000000000000000000000000000000
000000000000000000000000000000000000000000000000000000000000000000000000000000000000000000000000000
000000000000000000000000000000000000000000000000000000000000000000000000000000000000000000000000000
000000000000000000000000000000000000000000000000000000000000000000000000000000000000001000000000000
000000000000000000000000000000000000000000000000000001000000000000000000000000000000000000000000000
000000000000000000000000000000000000000000000000000000000000000000000000000000000000000000000000000
000000000000000000000000000000000000000000000000000000000000000000000000000000000000000000000100000
000000000000000000000000000000000000000000100000000000000000000000000000000000000000000000000000000
000000000000000000000000000000000000000000000000000000000000000000000000000000000000000000000000000
000000000000000000010000000000000000000000000000000100000000000000000000000000000000000000000000000
000000000000000000000000000000000000000000000000000000000000000000000000000000000000000000000000000
000000000000000000000000000000000000000000000000000000000000000000000000000000000000000000000000000
000000000000000000000000000000000000000000000000000000000000000000000000000000000000000000000000000
000000000000000000000000000000000000000000000000000000000000000000000000000000000000000000000000000
000000000000000000000000000000000000000000000000000000000000000000000000000000000000000000000000000
000000000001000000000000100000000000000000000000000000000000000000000000000000000000000000000000000
000000000000000000000000000000000000000000000000000000000000000001000000000000000000000000000000000
000000000000000000000000001000000000000000000000000000000000000000000000000000000000000000000000000
000000000000000000000000000000000000000000000000000000001000000000000000000000000000000000000000000
000000000000000000000000000000000000000000000000000000000000000000000000000000000000000000000000010
000000000000000000000000000000000000000000000000000000000000000000000000000000000000000000000000000
000000000000000000000000000000000000000000000000000000000000000000000000000000000000000000000000000
000000000000000000000000000000000000000000000000000000000000000000000000000000000000000000000000000
000000000000000000000000000000000000000000000011000000000000000000000000000000000000000000000000000
000000000000000000000000000000000000000000000000000000000000000000000100000000000000000000000000000
000000000000000000000000000000000000000000000000000000000000000000000000000000000000000000000000000
000000000000000000000000000000000000000000000000000000000000000000000000000000000000000000000000000
000000000000000000000000000000000000000000000000000000000000000000000000000000000000000000000000000
000000000010000000000000000000000000000001000000000000000000000000000000000000000000000000000000000
000000000001000000000000001000000000000000000000000000000000000000000000000000000000000001000000000
000000000000000010000000000000000000000000000000000000000000000000000000000000000000000000000000000
000000000000000000000000000000000000000000000000000000000000000000000000000000000000000000000000000
000000000000000000000000000000000000100000000000000000000000000000000000000000000000000000000000000
000000000000000000000000000000000000000000000010000000000000000000000000000000000000000000000000000
000000000000000000000000000000000000000000000000000000000000000000000000000000000000000000000000000
000000000000000000000000000000000000000000000000000000000000000000000000000000000000000000000000000
000000000000000000000000000000000000000000000000000000000000000000000000000000000000000000000000000
000000000000000000000000000000000000000000000000000000000000000000000000000000000000000000000000000
000000000000000000000000000000000000000000000000000000000000000000000000000000000000000010000000000
000000000000000000000000000000000000000000000000000000000000000000000000000000000000000000000000000
000000000000000000000000000000000000000000000000000000000000000000000000000000000000000000000000000
000000000000000000000000000000000000000000000000000000000000000000000000000000000000000000000000000
000000000000000000001000000000000000000000000000010000000000000000000000000000000000000000000000000
001000000000000000000000010000000000000000100000000000000000000000000000000000000000000000000000000
000000000000000000000000000000000000000000000000001000000000000000000000000000000000000000000000001
000000000000000000000000000000000000000000000000000000000000000000000000000000000000000000000000000
000000000000000000000000000100000000000000000000000000000000000000000000000000000000000000000000000
000000000000000000000000000000000000000000000000000000000000000000000000000000000000000000000000000
000000000000000000000000000000000000000000000000000000000000000000000000000000000000000000000000000
000000000000000000000000000000000000000000000000000000000000000000000000000000000000100010000000000
000000000000000000000000000000000000000000000000000000000000000000000100100001000000000000000000000
000000000000000000000000000000000000000000000000000000000000000000000000000000000000000000001000000
000000001000000000000000000000000000000000000000000000000000000000000000000000000000000000000000000
000000000000000000000000000000000000000000000000000000000000000000000000000000000000000000000100000
000000000000000000000000000000000000000000000000000000000000000100000000000000000000000000000000000
000000000100001000000000000000000000000000000000000000000000000000000000000000000000000000000000000
000000000000000000000000000000000000000000000000000000000000000000000000100000000000000000000000000
000000000000000000000000000000000000000000000000010000000000000000000000000000000000000000000000000
000000000000000100000000000000000000000000000000000000000000000000000000000000000000000000000000000
000000000000000000000000000000000000000000000000000000000000000000000000000000000000000000000000000
000000000000000000000000000000000000000000000000000000000000000000000000000000000000000000000000000
000000000000000000000000000000000000000000000000000000000000000000000000000000000000000000000000000
000000000000000000000000000000000000000000000000000000000000000000000000000000000100000000000000000
170 72
000000000000000000000000000000000000000000100000000000000000000000000000
000000000000000000010000000000000000000000000000000000000000000000000000
000000000000000000000000000000000000000000000001000000000000000000000000
000000000000000000000000000000000000000000000000000000000010000000000000
000000000000000000000000000000000000000000000000000000000000000100000000
000000000000000000000000000000000000000000000000000000000000000000000000
000000000000000000000000000000000000001000000000100000000000000000000000
000000000000000000000000000000000000000000000000000010000000000000000000
000000000000000000000000000000000000000000000000000000000000000000000000
000000000000000000000000000000000000000000000000000000000000000000001000
000000000000000000000000000000000000000000000000000000100000000000000000
000000000001000000000000000000000000000000000000000000000000000000000000
000000000000000000000000000000000000000000000000000000000000000000000000
000000000000000000000000000000000000000000000010000000000000000000000000
000000000000000000000000000000000000000000000000000000000000000000000000
000100000000000000000000000000000000000000000000000000000000000000000000
000000000000000000000000000000000000000000000000000000000000000000000110
000000000000000000000000110000000000000000000000000000000000000000000000
000000000000000000000000000000000000000000000000000000000000000000000000
000000000000000000000000000000000000000000000000000000000000000000000000
000000000000000000000000000000000000000000000000000000000000000000000000
000000000000000000000000000000000000000000000000000000000000000100000001
000000000000000000000000000000000000100000000000000000000000000000000000
000000000000000001000000000000000000000000000000000000000000000000000000
000100000000000000000000000000000000000000000000000000000000000000000000
000000000000000000000000000000000000000000000000000000000000000000000000
000000000000001000000000000000000000000000000000000000000000000000000000
000000000000000000000000000000000000000000000000000000000100000000000000
000000000000000000000000000000000000000000000000000000000000000000000000
000000000000000000000000000000000000000000000000000000010000000000000000
000000000000000000000000000000000000000000000000000000000000000000000000
000000000000000000000000000000000000000000000000000000000000000000000000
000000000000000000000000000000000000000000000000000000000000000000000000
000000000000000000000000000000000000000000000000000000000000000000000000
000000000000000000000000000000000000000000000000000000000000000000000000
000000010000000000000000000000000000000000000000000000000000000000000000
000000000000000000000000000000000000000000000000000000000000000100000000
000000000000000000000000000000000000000100000000000000000000000000000000
000000000000000000000000000100000000000000000000000000000000000000000000
100000000000000000000000000000000000000000000000000000000000000000001000
000000000000000000000000000000000000000000000000000000000000000000000000
000000000000000000100000000000100000000000000000000000000000000000000000
000000000000000000000000000000000000000000000000000000000000000000000000
000000000000000000000000000000000000000000000000000000000000000000000000
000000000000000000000000000000000000000000000000000000000000000000000000
000000000000000000000000000000000001000000000000000000000000000000000000
000000000000000000000000000000000000000000100000000000000000000000000000
000000000000000000000000000000000000000000000000000000000000000000000000
000000000000000000000000000000000000000000000000000000000000000000000000
000000000000000000000000000000000000000000000000000000000000000000000000
000000000000000000000000000000000000000000000000000000000000000000000000
000000000000000000000000000000000000000000000000000000000000000000000000
000000000100000000000000000000000000000000000000000000000000000000000010
000000000000000000000000000000000000000000000000000000000000000000000000
000000000000000000000000000000000000000000000000000000000000000000000000
000000000000000000000100000000000000000000000000000000000000000000000000
000000000000000000000000000000000000000100000000000000000000000000000100
000000000000000000000010000000000000000000000000000000000000000000000000
000000000000000000000000000000000000000000000000000000000000000000000000
000000000000000000000000000000000000000000000000100000000000000000000000
000000000000000000000000000000001000000000000000000000000000000000000000
010000000010000000000000000000000000000000000000000000000000000000000000
000000000000000000000000000000000000000000000000000000000000000000000000
000000000001000000000000000000000000000000000000000010000000000000000010
000000000000000000000000000000000000000000000000000000000000000000000000
000000000000000000000000000000000000000000000000000000000000000000000000
000000000000000000000000000000000000000100010000000000000000000000000000
000000000000000000000000000000010000000000000000000000000001000000000000
000000000000000000000000000000000000000000000000000000000000000000000000
000000000000000001000000000000000000100000000000000000000000000000000000
000000000000000000000000000000000000000000000000000000000000000000000000
000000000000000000000000000000000000000000000000000000000000000001000000
000000000000000000000000000000000000000000000000000000000000000000000000
000000000000000000000000000000000000000000000000000000000000000000000000
000000000000000000000000000000000000000000000000000000000000000000000000
000000000000001000000000000000000000000000000000000010000000000000000000
000000000000000000000000000000000000000000000000000000000000000000000000
000000000000000000000000000000000000000000000000000000000000000000001000
000000000000000000000000000000000000000000000000000000000000000000000000
000000000000000000000000000000000000000000000000010000001000000000000000
000000000000000000000000000000100000000000000000000000000000000000000000
000000000010000000000000000000000000000000000000000000000000000000100000
000000000000000000000000000000000000000000000000000000000000000000000000
000000000000000000000000000000000000000000000000000000000000000000000000
000000000000000000000000000000000000000000000000000000000000000000000000
000000000000000000000000000000000000000000000000000000000000000000000000
000000000000000000000000000000000000000000000000000000000000000000000000
010000000000000000000000000000000000000000000000000000000000000000000000
000000000000000000000000000010000000000000000000000000000000000000000000
000000000000000000000000000000000000000010000000000000000100000000000000
000000000000000000000000000000000000000000000000000000000001000000000000
000000000000000000000000000000000000000100000000000000000000000000000000
000000000000000000000000000000000000000000000000000000000000000000000000
000000000000000000000000001000000000000000000000000000000000000000000000
000000000000000000000000000000000000000000000000000000000000000000000000
000000000000000000000000000000000000000000000000000000000000000000000000
000000000000000100000010000000000000000000000000000000100000000000000100
000000001000000000000000000000001000000000000000000000000000000000000000
000000000100000000000000100000000000000000000000000000000000000000000000
000100000000000000000000000000000000000000000000000000000000000000000000
000000000000000000000000000000000000000000000000000000000000000000000000
000000000000000000000000000000000000000000000000000001000000000000000000
000000000000000000000000000000000000000000000000000000000000000000000000
000000000000000000000000000000000000000000000000000000000000000000000000
000000000000000000000010000000000000000000000000000000000000000000000000
000000000000000000000000000000000000000000000000000000000000000000000000
001000000000000000000000000000000000000000000000000000000000000000000000
000000000000000000000000000000000000000000000000000000000000000000000000
000000000000000000000000000000001000000000000000000000000000000000000000
000000000000000000000000000000000000000000001000000000000000000000000000
000000000000000000000000000000000000000000000000000000000000000000000000
000000000000000000000001000000000000000000000000000000000000000000000000
000000000000000000000000000000000000000000000000000000000000000000000000
000000000000000000000000000000000000000000000000000000000000000000000000
000000000000000000000000000000000000000000000000000000000000000000000000
000000000000000000000000000000000000000001000000000000000000000000000000
000000000000000000000000000000000000000000000000000000000000000000000000
000000000000000000000000000000000000000000000000000000000000000000000000
000000000000000000000000000000000000000000000000000000000000000000000000
000000000000000000000000000000000000000000000000000000000000000000000000
000000000000000000000000000000000000000000000000000000000000000000000000
000000000000000000000000000000000000000000000000000000000000000000000000
000000000000000000000000000000000000000000000010000000000000000000000000
000000000000000000010000000000000000000000000000001000000000000000000000
000000000000000000000000000000000000000000000000000000000000000000000000
000000000000000000000000000000000000000000000000000000000000000000000000
000000000000000000000000000000000001000000000000000000000000001000000000
000000000000000000000000000000000000000000000000000000000000000000000000
000000000000000000000000000000000000000000000000001000000000000000000000
000000000000000000000000000000000000000000000000000000000000000000000000
000000000000000010000000000000000000000000000000000000000000001000000000
000000000000000000000000000000000000000000000000000000000000000000000000
000000000000000000000000000000000000000000000000000000000000000000000000
000000000000000000000000000000000100000000000000000000000000000000000000
000000000000000000000000000000000000000000000000000000000000000010000000
000000000000000000000000000010000000000000000000000000000000000000000000
000000000000000000000000000000000000000000000000000000000000000000100000
000000000000010000000100000000000000000000000000000000100000000000000000
000000000000000000000000000000000100000000000000000000000000000000000000
000000000000000000000000000000000000000000000000000000000000000000000000
000000000000000000000000000000000000000000000000000000000000000000000000
010000100000000000000000000000000000000000000000000000000000000000000000
000000000000000000000000000000000000000000000000000000000000000000000000
000000000000000000000000000000000000000000000000000000000000000000000000
000000000000000000000000000000000000000000000000000000000000000000000000
000000000000000000000000000100000000000000000000000000000000000000000000
000000000000000000000000000000000000000000000000000000000000000000000000
000000000000000000100000000000000000000100000000000000000000000000000000
000000000000000001000000000000001000000000000000000000000000000000000000
000000000000000000000000000000000000000000000000000000000000000000000000
000000000000000000000000000000000000000000000000000000000000000000000000
000000000000000000000000000000000000000000000000100000000000000000000000
000000000000000000000000000000000000000000000000000000000000000000000000
000000000000000000000000000000000000000000000000000000000000000000000000
000000000000000000000000000000000000000000000000000000000000000000000000
000000000010000000000000000000000000000000000000000000000000000000100000
000000000000000000000000000000000000000000000000000000000000000000001000
000000000000000000000000000000000000000000000000000000000000000000000000
000000000000000000000000000000000000000000000000000000000000000000000000
000000000000000000000000000000000000000000000000000000000000000010000000
000000000000000000000000000000000000000000000000000000000000000000000100
000000000000000000000000000000000000000000000000000000000000000000000000
000000000000000000000000000000000000000000000000000000000000000000000000
000000000000000000000000000000000000000000000001000000000000000000000000
000000000000000000000000000000000000000000000000000000000000000000100000
000000000000000000000000000000000000000000000010000000000000000010000000
000000100000000000000000000000000000000000000000000000000010000000000000
000000000000000000000000000000000000000000000000000000000000000000000000
000000000000000000000000000000000000000000000000000000000000000000000000
000000000000000000000000000000000000000000000000000000000000000000000000
